q3_h10 =[1/sqrt(2),1/sqrt(2),0,0;1/sqrt(2),-1/sqrt(2), 0 0;0,0,1,0;0,0,0,1]
q3_he1 = [0,0,1,255.325;0,-1,0,0;1,0,0,222.25;0,0,0,1]
a3 = q3_h10*q3_he1